 0.0  0.1   32  100  61.10  -0.46   0.47   7.2  -0.4   0.5 108.56  -4.24   4.26  25.3  -5.3   4.1 172.72  -3.86   2.90  15.8  -2.1   3.1
 0.0  0.1  100  200  62.01  -0.43   0.45   7.4  -0.3   0.3  80.24  -3.69   4.77  12.4  -1.9   1.5 153.40  -3.52   2.75  14.8  -2.0   2.8
 0.0  0.1  200  300  -1.00  -1.00  -1.00   3.0   0.0   0.0  61.00  -0.51   0.51   7.4  -0.3   0.4 130.08  -1.49   1.49   7.1  -0.9   1.2
 0.0  0.1  300  400  -1.00  -1.00  -1.00   3.0   0.0   0.0  58.18  -0.76   0.76   8.0  -0.5   0.6 117.60   0.00   0.00   8.0 -14.6   0.0
 0.0  0.1  400  500  -1.00  -1.00  -1.00   3.0   0.0   0.0  58.45  -0.64   0.64   8.1  -0.4   0.5 105.04  -3.48   2.56   8.0  -1.7   3.0
 0.0  0.1  500  600  -1.00  -1.00  -1.00   3.0   0.0   0.0  56.69  -0.65   0.65   7.8  -0.4   0.5  86.12   0.00   6.84   9.5  -3.6  12.2
 0.0  0.1  600  700  -1.00  -1.00  -1.00  -1.0  -1.0  -1.0  57.17  -0.62   0.67   6.7  -0.5   0.5  -1.00  -1.00  -1.00  -1.0  -1.0  -1.0
 0.0  0.1  700  800  -1.00  -1.00  -1.00  -1.0  -1.0  -1.0  60.75  -0.59   0.60   7.5  -0.4   0.5  -1.00  -1.00  -1.00  -1.0  -1.0  -1.0
 0.0  0.1  800  900  -1.00  -1.00  -1.00  -1.0  -1.0  -1.0  58.63  -0.49   0.49   6.3  -0.3   0.4  -1.00  -1.00  -1.00  -1.0  -1.0  -1.0
 0.0  0.1  900 1000  -1.00  -1.00  -1.00  -1.0  -1.0  -1.0  59.77  -0.47   0.48   6.8  -0.3   0.4  -1.00  -1.00  -1.00  -1.0  -1.0  -1.0
 0.0  0.1 1000 1100  -1.00  -1.00  -1.00  -1.0  -1.0  -1.0  61.01  -0.46   0.47   6.9  -0.3   0.4  -1.00  -1.00  -1.00  -1.0  -1.0  -1.0
 0.0  0.1 1100 1200  -1.00  -1.00  -1.00  -1.0  -1.0  -1.0  61.20  -0.40   0.40   6.4  -0.3   0.3  -1.00  -1.00  -1.00  -1.0  -1.0  -1.0
 0.0  0.1 1200 1300  -1.00  -1.00  -1.00  -1.0  -1.0  -1.0  61.46  -0.45   0.46   7.0  -0.3   0.4  -1.00  -1.00  -1.00  -1.0  -1.0  -1.0
 0.0  0.1 1300 1400  -1.00  -1.00  -1.00  -1.0  -1.0  -1.0  63.10  -0.42   0.43   6.3  -0.3   0.3  -1.00  -1.00  -1.00  -1.0  -1.0  -1.0
 0.0  0.1 1400 1500  -1.00  -1.00  -1.00  -1.0  -1.0  -1.0  62.73  -0.47   0.47   6.3  -0.3   0.4  -1.00  -1.00  -1.00  -1.0  -1.0  -1.0
 0.1  0.2   20  100  48.27  -0.22   0.22   7.3  -0.2   0.2 102.54  -2.36   2.29  27.2  -2.0   2.2 187.31  -1.97   1.85  19.3  -1.4   1.7
 0.1  0.2  100  200  49.05  -0.27   0.27   7.3  -0.2   0.2  64.95  -1.50   1.68  15.0  -0.6   0.7 165.99  -2.54   2.24  21.8  -1.8   2.2
 0.1  0.2  200  300  -1.00  -1.00  -1.00   3.0   0.0   0.0  48.75  -0.32   0.32   8.0  -0.2   0.2 128.44  -3.46   3.28  20.9  -2.3   3.0
 0.1  0.2  300  400  -1.00  -1.00  -1.00   3.0   0.0   0.0  45.96  -0.36   0.36   7.3  -0.2   0.3 104.21   0.00  11.38  23.8  -6.5  17.0
 0.1  0.2  400  500  -1.00  -1.00  -1.00   3.0   0.0   0.0  44.91  -0.34   0.34   7.1  -0.2   0.2  97.53  -8.58   4.32  12.8  -2.9   6.0
 0.1  0.2  500  600  -1.00  -1.00  -1.00   3.0   0.0   0.0  45.50  -0.34   0.34   7.0  -0.2   0.2  80.12  -4.98   2.57   9.0  -1.8   3.2
 0.1  0.2  600  700  -1.00  -1.00  -1.00  -1.0  -1.0  -1.0  45.90  -0.35   0.35   7.4  -0.2   0.3  -1.00  -1.00  -1.00  -1.0  -1.0  -1.0
 0.1  0.2  700  800  -1.00  -1.00  -1.00  -1.0  -1.0  -1.0  47.05  -0.34   0.34   7.4  -0.2   0.3  -1.00  -1.00  -1.00  -1.0  -1.0  -1.0
 0.1  0.2  800  900  -1.00  -1.00  -1.00  -1.0  -1.0  -1.0  47.26  -0.33   0.33   7.3  -0.2   0.2  -1.00  -1.00  -1.00  -1.0  -1.0  -1.0
 0.1  0.2  900 1000  -1.00  -1.00  -1.00  -1.0  -1.0  -1.0  47.99  -0.30   0.30   7.5  -0.2   0.2  -1.00  -1.00  -1.00  -1.0  -1.0  -1.0
 0.1  0.2 1000 1100  -1.00  -1.00  -1.00  -1.0  -1.0  -1.0  49.23  -0.29   0.29   7.5  -0.2   0.2  -1.00  -1.00  -1.00  -1.0  -1.0  -1.0
 0.1  0.2 1100 1200  -1.00  -1.00  -1.00  -1.0  -1.0  -1.0  49.35  -0.26   0.26   7.3  -0.2   0.2  -1.00  -1.00  -1.00  -1.0  -1.0  -1.0
 0.1  0.2 1200 1300  -1.00  -1.00  -1.00  -1.0  -1.0  -1.0  49.60  -0.26   0.26   7.6  -0.2   0.2  -1.00  -1.00  -1.00  -1.0  -1.0  -1.0
 0.1  0.2 1300 1400  -1.00  -1.00  -1.00  -1.0  -1.0  -1.0  49.37  -0.25   0.25   7.3  -0.2   0.2  -1.00  -1.00  -1.00  -1.0  -1.0  -1.0
 0.1  0.2 1400 1500  -1.00  -1.00  -1.00  -1.0  -1.0  -1.0  49.82  -0.28   0.28   7.1  -0.2   0.2  -1.00  -1.00  -1.00  -1.0  -1.0  -1.0
 0.2  0.3   19  100  37.31  -0.11   0.11   5.6  -0.1   0.1  93.13  -1.53   1.48  26.6  -1.3   1.4 196.95  -1.85   1.83  22.1  -1.5   1.8
 0.2  0.3  100  200  37.61  -0.10   0.10   5.5  -0.1   0.1  54.62  -1.07   1.11  15.9  -0.5   0.5 168.23  -2.49   2.21  25.9  -1.9   2.4
 0.2  0.3  200  300  -1.00  -1.00  -1.00   3.0   0.0   0.0  36.79  -0.17   0.17   5.9  -0.1   0.1 126.64  -2.42   2.32  21.2  -1.7   2.0
 0.2  0.3  300  400  -1.00  -1.00  -1.00   3.0   0.0   0.0  34.78  -0.21   0.21   6.0  -0.1   0.2  95.87  -7.62   4.86  23.8  -3.4   5.2
 0.2  0.3  400  500  -1.00  -1.00  -1.00   3.0   0.0   0.0  34.03  -0.20   0.21   5.6  -0.1   0.1  76.39  -5.79   3.37  15.9  -2.5   4.3
 0.2  0.3  500  600  -1.00  -1.00  -1.00   3.0   0.0   0.0  33.79  -0.28   0.30   5.0  -0.2   0.2  69.07  -4.60   2.93  13.2  -2.2   3.4
 0.2  0.3  600  700  -1.00  -1.00  -1.00  -1.0  -1.0  -1.0  34.75  -0.23   0.23   6.8  -0.2   0.2  -1.00  -1.00  -1.00  -1.0  -1.0  -1.0
 0.2  0.3  700  800  -1.00  -1.00  -1.00  -1.0  -1.0  -1.0  35.30  -0.20   0.20   6.1  -0.1   0.1  -1.00  -1.00  -1.00  -1.0  -1.0  -1.0
 0.2  0.3  800  900  -1.00  -1.00  -1.00  -1.0  -1.0  -1.0  35.53  -0.18   0.18   5.7  -0.1   0.1  -1.00  -1.00  -1.00  -1.0  -1.0  -1.0
 0.2  0.3  900 1000  -1.00  -1.00  -1.00  -1.0  -1.0  -1.0  35.61  -0.15   0.15   5.3  -0.1   0.1  -1.00  -1.00  -1.00  -1.0  -1.0  -1.0
 0.2  0.3 1000 1100  -1.00  -1.00  -1.00  -1.0  -1.0  -1.0  35.98  -0.14   0.14   5.2  -0.1   0.1  -1.00  -1.00  -1.00  -1.0  -1.0  -1.0
 0.2  0.3 1100 1200  -1.00  -1.00  -1.00  -1.0  -1.0  -1.0  36.26  -0.12   0.12   4.8  -0.1   0.1  -1.00  -1.00  -1.00  -1.0  -1.0  -1.0
 0.2  0.3 1200 1300  -1.00  -1.00  -1.00  -1.0  -1.0  -1.0  36.55  -0.12   0.12   4.8  -0.1   0.1  -1.00  -1.00  -1.00  -1.0  -1.0  -1.0
 0.2  0.3 1300 1400  -1.00  -1.00  -1.00  -1.0  -1.0  -1.0  36.92  -0.12   0.12   5.0  -0.1   0.1  -1.00  -1.00  -1.00  -1.0  -1.0  -1.0
 0.2  0.3 1400 1500  -1.00  -1.00  -1.00  -1.0  -1.0  -1.0  37.01  -0.12   0.12   4.9  -0.1   0.1  -1.00  -1.00  -1.00  -1.0  -1.0  -1.0
 0.3  0.4   19  100  31.50  -0.08   0.08   5.0  -0.1   0.1  87.69  -1.38   1.36  29.5  -1.1   1.2 212.04  -2.08   2.33  25.3  -1.8   2.2
 0.3  0.4  100  200  31.66  -0.06   0.06   4.6  -0.1   0.1  46.95  -0.73   0.75  13.9  -0.4   0.4 182.57  -1.73   1.80  24.6  -1.5   1.8
 0.3  0.4  200  300  -1.00  -1.00  -1.00   3.0   0.0   0.0  30.92  -0.12   0.12   5.4  -0.1   0.1 132.01  -2.64   2.53  25.2  -2.0   2.4
 0.3  0.4  300  400  -1.00  -1.00  -1.00   3.0   0.0   0.0  28.73  -0.15   0.15   5.2  -0.1   0.1  99.24  -4.22   3.27  21.3  -2.4   3.3
 0.3  0.4  400  500  -1.00  -1.00  -1.00   3.0   0.0   0.0  27.95  -0.13   0.13   4.6  -0.1   0.1  79.81  -2.44   2.19  15.9  -1.6   2.0
 0.3  0.4  500  600  -1.00  -1.00  -1.00   3.0   0.0   0.0  28.16  -0.13   0.13   4.5  -0.1   0.1  68.25  -2.00   1.71  10.2  -1.3   1.8
 0.3  0.4  600  700  -1.00  -1.00  -1.00  -1.0  -1.0  -1.0  29.01  -0.16   0.16   5.9  -0.1   0.1  -1.00  -1.00  -1.00  -1.0  -1.0  -1.0
 0.3  0.4  700  800  -1.00  -1.00  -1.00  -1.0  -1.0  -1.0  29.15  -0.13   0.13   5.2  -0.1   0.1  -1.00  -1.00  -1.00  -1.0  -1.0  -1.0
 0.3  0.4  800  900  -1.00  -1.00  -1.00  -1.0  -1.0  -1.0  29.51  -0.11   0.11   4.6  -0.1   0.1  -1.00  -1.00  -1.00  -1.0  -1.0  -1.0
 0.3  0.4  900 1000  -1.00  -1.00  -1.00  -1.0  -1.0  -1.0  29.83  -0.09   0.09   4.1  -0.1   0.1  -1.00  -1.00  -1.00  -1.0  -1.0  -1.0
 0.3  0.4 1000 1100  -1.00  -1.00  -1.00  -1.0  -1.0  -1.0  30.34  -0.08   0.08   4.2  -0.1   0.1  -1.00  -1.00  -1.00  -1.0  -1.0  -1.0
 0.3  0.4 1100 1200  -1.00  -1.00  -1.00  -1.0  -1.0  -1.0  30.55  -0.07   0.07   3.9  -0.1   0.1  -1.00  -1.00  -1.00  -1.0  -1.0  -1.0
 0.3  0.4 1200 1300  -1.00  -1.00  -1.00  -1.0  -1.0  -1.0  30.89  -0.07   0.07   3.9  -0.0   0.0  -1.00  -1.00  -1.00  -1.0  -1.0  -1.0
 0.3  0.4 1300 1400  -1.00  -1.00  -1.00  -1.0  -1.0  -1.0  30.85  -0.07   0.07   3.8  -0.0   0.0  -1.00  -1.00  -1.00  -1.0  -1.0  -1.0
 0.3  0.4 1400 1500  -1.00  -1.00  -1.00  -1.0  -1.0  -1.0  31.01  -0.07   0.07   3.8  -0.0   0.0  -1.00  -1.00  -1.00  -1.0  -1.0  -1.0
 0.4  0.5   19  100  29.65  -0.07   0.07   5.0  -0.1   0.1  91.12  -1.25   1.21  31.9  -0.9   1.0 236.36  -1.93   1.77  22.6  -1.3   1.5
 0.4  0.5  100  200  29.82  -0.05   0.05   4.6  -0.0   0.0  45.71  -0.66   0.68  15.1  -0.3   0.4 200.54  -2.06   1.98  30.7  -1.5   1.7
 0.4  0.5  200  300  -1.00  -1.00  -1.00   3.0   0.0   0.0  29.11  -0.10   0.10   5.3  -0.1   0.1 141.48  -2.10   2.09  24.7  -1.6   1.9
 0.4  0.5  300  400  -1.00  -1.00  -1.00   3.0   0.0   0.0  27.30  -0.12   0.12   5.3  -0.1   0.1  99.47  -9.43   5.77  30.8  -4.3   6.9
 0.4  0.5  400  500  -1.00  -1.00  -1.00   3.0   0.0   0.0  26.61  -0.11   0.11   4.7  -0.1   0.1  82.30  -2.91   2.57  17.7  -1.9   2.4
 0.4  0.5  500  600  -1.00  -1.00  -1.00   3.0   0.0   0.0  26.79  -0.10   0.10   4.6  -0.1   0.1  64.60 -16.74   6.02  16.8  -3.7   7.8
 0.4  0.5  600  700  -1.00  -1.00  -1.00  -1.0  -1.0  -1.0  27.13  -0.09   0.09   4.4  -0.1   0.1  -1.00  -1.00  -1.00  -1.0  -1.0  -1.0
 0.4  0.5  700  800  -1.00  -1.00  -1.00  -1.0  -1.0  -1.0  27.81  -0.10   0.10   4.7  -0.1   0.1  -1.00  -1.00  -1.00  -1.0  -1.0  -1.0
 0.4  0.5  800  900  -1.00  -1.00  -1.00  -1.0  -1.0  -1.0  28.12  -0.09   0.09   4.6  -0.1   0.1  -1.00  -1.00  -1.00  -1.0  -1.0  -1.0
 0.4  0.5  900 1000  -1.00  -1.00  -1.00  -1.0  -1.0  -1.0  28.37  -0.07   0.07   4.0  -0.0   0.0  -1.00  -1.00  -1.00  -1.0  -1.0  -1.0
 0.4  0.5 1000 1100  -1.00  -1.00  -1.00  -1.0  -1.0  -1.0  28.79  -0.06   0.06   4.0  -0.0   0.0  -1.00  -1.00  -1.00  -1.0  -1.0  -1.0
 0.4  0.5 1100 1200  -1.00  -1.00  -1.00  -1.0  -1.0  -1.0  28.94  -0.05   0.05   3.7  -0.0   0.0  -1.00  -1.00  -1.00  -1.0  -1.0  -1.0
 0.4  0.5 1200 1300  -1.00  -1.00  -1.00  -1.0  -1.0  -1.0  29.24  -0.05   0.05   3.7  -0.0   0.0  -1.00  -1.00  -1.00  -1.0  -1.0  -1.0
 0.4  0.5 1300 1400  -1.00  -1.00  -1.00  -1.0  -1.0  -1.0  29.41  -0.05   0.05   3.7  -0.0   0.0  -1.00  -1.00  -1.00  -1.0  -1.0  -1.0
 0.4  0.5 1400 1500  -1.00  -1.00  -1.00  -1.0  -1.0  -1.0  29.49  -0.05   0.05   3.7  -0.0   0.0  -1.00  -1.00  -1.00  -1.0  -1.0  -1.0
 0.5  0.6   19  100  27.70  -0.06   0.06   4.9  -0.0   0.0  92.08  -1.02   0.99  30.3  -0.8   0.8 247.60  -1.80   1.72  24.9  -1.3   1.5
 0.5  0.6  100  200  27.91  -0.05   0.05   4.6  -0.0   0.0  43.74  -0.57   0.58  15.1  -0.3   0.3 211.99  -1.70   1.66  31.2  -1.2   1.3
 0.5  0.6  200  300  26.83  -0.13   0.11   4.4  -0.1   0.1  32.77  -1.24   1.63   9.4  -0.8   1.0 151.16  -3.05   3.40  31.2  -2.7   3.5
 0.5  0.6  300  400  -1.00  -1.00  -1.00   3.0   0.0   0.0  25.24  -0.09   0.09   4.7  -0.1   0.1 105.92  -3.00   2.60  22.5  -2.0   2.5
 0.5  0.6  400  500  -1.00  -1.00  -1.00   3.0   0.0   0.0  24.64  -0.09   0.09   4.7  -0.1   0.1  84.05  -3.45   2.93  20.3  -2.2   3.0
 0.5  0.6  500  600  -1.00  -1.00  -1.00   3.0   0.0   0.0  24.83  -0.09   0.09   4.6  -0.1   0.1  69.14  -8.27   4.32  16.8  -2.9   4.9
 0.5  0.6  600  700  -1.00  -1.00  -1.00  -1.0  -1.0  -1.0  25.03  -0.08   0.08   4.5  -0.1   0.1  -1.00  -1.00  -1.00  -1.0  -1.0  -1.0
 0.5  0.6  700  800  -1.00  -1.00  -1.00  -1.0  -1.0  -1.0  25.84  -0.08   0.08   4.8  -0.1   0.1  -1.00  -1.00  -1.00  -1.0  -1.0  -1.0
 0.5  0.6  800  900  -1.00  -1.00  -1.00  -1.0  -1.0  -1.0  25.98  -0.07   0.07   4.3  -0.0   0.0  -1.00  -1.00  -1.00  -1.0  -1.0  -1.0
 0.5  0.6  900 1000  -1.00  -1.00  -1.00  -1.0  -1.0  -1.0  26.49  -0.06   0.06   4.1  -0.0   0.0  -1.00  -1.00  -1.00  -1.0  -1.0  -1.0
 0.5  0.6 1000 1100  -1.00  -1.00  -1.00  -1.0  -1.0  -1.0  26.77  -0.05   0.05   3.9  -0.0   0.0  -1.00  -1.00  -1.00  -1.0  -1.0  -1.0
 0.5  0.6 1100 1200  -1.00  -1.00  -1.00  -1.0  -1.0  -1.0  27.05  -0.05   0.05   3.9  -0.0   0.0  -1.00  -1.00  -1.00  -1.0  -1.0  -1.0
 0.5  0.6 1200 1300  -1.00  -1.00  -1.00  -1.0  -1.0  -1.0  27.24  -0.04   0.04   3.8  -0.0   0.0  -1.00  -1.00  -1.00  -1.0  -1.0  -1.0
 0.5  0.6 1300 1400  -1.00  -1.00  -1.00  -1.0  -1.0  -1.0  27.47  -0.04   0.04   3.7  -0.0   0.0  -1.00  -1.00  -1.00  -1.0  -1.0  -1.0
 0.5  0.6 1400 1500  -1.00  -1.00  -1.00  -1.0  -1.0  -1.0  27.56  -0.04   0.04   3.7  -0.0   0.0  -1.00  -1.00  -1.00  -1.0  -1.0  -1.0
 0.6  0.7   19  100  25.66  -0.06   0.06   4.7  -0.0   0.1  87.90  -0.98   0.95  31.4  -0.7   0.8 251.46  -1.74   1.70  25.5  -1.3   1.4
 0.6  0.7  100  200  25.85  -0.04   0.04   4.4  -0.0   0.0  41.50  -0.50   0.51  14.8  -0.3   0.3 216.66  -2.08   2.02  36.4  -1.5   1.7
 0.6  0.7  200  300  24.95  -0.08   0.08   4.4  -0.1   0.1  32.85  -1.36   1.70  10.4  -0.7   0.8 149.88  -2.77   2.99  28.1  -2.3   2.9
 0.6  0.7  300  400  -1.00  -1.00  -1.00   3.0   0.0   0.0  23.27  -0.08   0.08   4.5  -0.1   0.1 110.40  -4.23   3.50  27.4  -2.9   3.9
 0.6  0.7  400  500  -1.00  -1.00  -1.00   3.0   0.0   0.0  22.56  -0.08   0.08   4.5  -0.1   0.1  76.48  -5.30   3.78  23.2  -2.8   3.9
 0.6  0.7  500  600  -1.00  -1.00  -1.00   3.0   0.0   0.0  22.59  -0.07   0.07   4.4  -0.1   0.1  73.29 -11.49   5.39  20.9  -3.9   7.6
 0.6  0.7  600  700  -1.00  -1.00  -1.00  -1.0  -1.0  -1.0  23.15  -0.07   0.07   4.3  -0.0   0.0  -1.00  -1.00  -1.00  -1.0  -1.0  -1.0
 0.6  0.7  700  800  -1.00  -1.00  -1.00  -1.0  -1.0  -1.0  23.60  -0.07   0.07   4.5  -0.0   0.0  -1.00  -1.00  -1.00  -1.0  -1.0  -1.0
 0.6  0.7  800  900  -1.00  -1.00  -1.00  -1.0  -1.0  -1.0  24.03  -0.06   0.06   4.3  -0.0   0.0  -1.00  -1.00  -1.00  -1.0  -1.0  -1.0
 0.6  0.7  900 1000  -1.00  -1.00  -1.00  -1.0  -1.0  -1.0  24.31  -0.05   0.05   3.9  -0.0   0.0  -1.00  -1.00  -1.00  -1.0  -1.0  -1.0
 0.6  0.7 1000 1100  -1.00  -1.00  -1.00  -1.0  -1.0  -1.0  24.67  -0.04   0.05   3.9  -0.0   0.0  -1.00  -1.00  -1.00  -1.0  -1.0  -1.0
 0.6  0.7 1100 1200  -1.00  -1.00  -1.00  -1.0  -1.0  -1.0  24.89  -0.04   0.04   3.7  -0.0   0.0  -1.00  -1.00  -1.00  -1.0  -1.0  -1.0
 0.6  0.7 1200 1300  -1.00  -1.00  -1.00  -1.0  -1.0  -1.0  25.16  -0.04   0.04   3.7  -0.0   0.0  -1.00  -1.00  -1.00  -1.0  -1.0  -1.0
 0.6  0.7 1300 1400  -1.00  -1.00  -1.00  -1.0  -1.0  -1.0  25.28  -0.04   0.04   3.6  -0.0   0.0  -1.00  -1.00  -1.00  -1.0  -1.0  -1.0
 0.6  0.7 1400 1500  -1.00  -1.00  -1.00  -1.0  -1.0  -1.0  25.40  -0.04   0.04   3.6  -0.0   0.0  -1.00  -1.00  -1.00  -1.0  -1.0  -1.0
 0.7  0.9   19  100  23.20  -0.05   0.05   4.4  -0.0   0.0  85.55  -0.57   0.56  29.8  -0.4   0.4 251.95  -1.69   1.60  29.0  -1.3   1.4
 0.7  0.9  100  200  23.26  -0.02   0.02   4.2  -0.0   0.0  38.39  -0.31   0.31  15.1  -0.2   0.2 214.77  -1.74   1.70  39.9  -1.3   1.4
 0.7  0.9  200  300  22.25  -0.05   0.05   4.0  -0.0   0.0  31.14  -0.84   0.93  10.1  -0.4   0.5 150.07  -3.14   3.17  35.8  -3.6   5.1
 0.7  0.9  300  400  -1.00  -1.00  -1.00   3.0   0.0   0.0  20.74  -0.04   0.04   4.2  -0.0   0.0 102.14  -3.14   2.58  25.7  -2.0   2.4
 0.7  0.9  400  500  -1.00  -1.00  -1.00   3.0   0.0   0.0  20.11  -0.04   0.04   4.1  -0.0   0.0  75.37  -6.37   3.89  23.1  -3.1   4.8
 0.7  0.9  500  600  -1.00  -1.00  -1.00   3.0   0.0   0.0  20.11  -0.04   0.04   4.1  -0.0   0.0  60.57   0.00   6.00  16.2  -3.8  10.8
 0.7  0.9  600  700  -1.00  -1.00  -1.00  -1.0  -1.0  -1.0  20.45  -0.04   0.04   4.1  -0.0   0.0  -1.00  -1.00  -1.00  -1.0  -1.0  -1.0
 0.7  0.9  700  800  -1.00  -1.00  -1.00  -1.0  -1.0  -1.0  20.86  -0.04   0.04   4.3  -0.0   0.0  -1.00  -1.00  -1.00  -1.0  -1.0  -1.0
 0.7  0.9  800  900  -1.00  -1.00  -1.00  -1.0  -1.0  -1.0  21.16  -0.04   0.04   4.0  -0.0   0.0  -1.00  -1.00  -1.00  -1.0  -1.0  -1.0
 0.7  0.9  900 1000  -1.00  -1.00  -1.00  -1.0  -1.0  -1.0  21.54  -0.03   0.03   3.7  -0.0   0.0  -1.00  -1.00  -1.00  -1.0  -1.0  -1.0
 0.7  0.9 1000 1100  -1.00  -1.00  -1.00  -1.0  -1.0  -1.0  21.85  -0.03   0.03   3.7  -0.0   0.0  -1.00  -1.00  -1.00  -1.0  -1.0  -1.0
 0.7  0.9 1100 1200  -1.00  -1.00  -1.00  -1.0  -1.0  -1.0  22.11  -0.03   0.03   3.7  -0.0   0.0  -1.00  -1.00  -1.00  -1.0  -1.0  -1.0
 0.7  0.9 1200 1300  -1.00  -1.00  -1.00  -1.0  -1.0  -1.0  22.23  -0.02   0.02   3.6  -0.0   0.0  -1.00  -1.00  -1.00  -1.0  -1.0  -1.0
 0.7  0.9 1300 1400  -1.00  -1.00  -1.00  -1.0  -1.0  -1.0  22.45  -0.02   0.02   3.5  -0.0   0.0  -1.00  -1.00  -1.00  -1.0  -1.0  -1.0
 0.7  0.9 1400 1500  -1.00  -1.00  -1.00  -1.0  -1.0  -1.0  22.58  -0.02   0.02   3.5  -0.0   0.0  -1.00  -1.00  -1.00  -1.0  -1.0  -1.0
 0.9  1.1   19  100  20.96  -0.06   0.06   4.1  -0.0   0.0  82.25  -0.47   0.47  27.2  -0.4   0.4 236.27  -2.33   2.26  41.2  -1.8   2.0
 0.9  1.1  100  200  21.09  -0.02   0.02   3.9  -0.0   0.0  35.49  -0.29   0.29  15.7  -0.2   0.2 209.24  -2.26   2.10  40.9  -1.6   1.8
 0.9  1.1  200  300  19.96  -0.04   0.04   3.6  -0.0   0.0  28.07  -0.54   0.57   9.2  -0.3   0.3 149.34  -4.14   3.42  41.3  -2.9   3.6
 0.9  1.1  300  400  -1.00  -1.00  -1.00   3.0   0.0   0.0  18.66  -0.04   0.04   3.8  -0.0   0.0 101.90  -6.15   4.37  31.5  -3.5   4.9
 0.9  1.1  400  500  -1.00  -1.00  -1.00   3.0   0.0   0.0  17.96  -0.04   0.04   3.7  -0.0   0.0  81.62  -3.27   2.48  17.0  -1.9   2.7
 0.9  1.1  500  600  -1.00  -1.00  -1.00   3.0   0.0   0.0  17.95  -0.04   0.03   3.6  -0.0   0.0  63.88  -2.87   2.01  11.1  -1.5   2.2
 0.9  1.1  600  700  -1.00  -1.00  -1.00  -1.0  -1.0  -1.0  18.18  -0.03   0.03   3.6  -0.0   0.0  -1.00  -1.00  -1.00  -1.0  -1.0  -1.0
 0.9  1.1  700  800  -1.00  -1.00  -1.00  -1.0  -1.0  -1.0  18.47  -0.03   0.03   3.6  -0.0   0.0  -1.00  -1.00  -1.00  -1.0  -1.0  -1.0
 0.9  1.1  800  900  -1.00  -1.00  -1.00  -1.0  -1.0  -1.0  18.78  -0.03   0.03   3.4  -0.0   0.0  -1.00  -1.00  -1.00  -1.0  -1.0  -1.0
 0.9  1.1  900 1000  -1.00  -1.00  -1.00  -1.0  -1.0  -1.0  19.02  -0.03   0.03   3.3  -0.0   0.0  -1.00  -1.00  -1.00  -1.0  -1.0  -1.0
 0.9  1.1 1000 1100  -1.00  -1.00  -1.00  -1.0  -1.0  -1.0  19.31  -0.02   0.02   3.3  -0.0   0.0  -1.00  -1.00  -1.00  -1.0  -1.0  -1.0
 0.9  1.1 1100 1200  -1.00  -1.00  -1.00  -1.0  -1.0  -1.0  19.57  -0.02   0.02   3.2  -0.0   0.0  -1.00  -1.00  -1.00  -1.0  -1.0  -1.0
 0.9  1.1 1200 1300  -1.00  -1.00  -1.00  -1.0  -1.0  -1.0  19.80  -0.02   0.02   3.2  -0.0   0.0  -1.00  -1.00  -1.00  -1.0  -1.0  -1.0
 0.9  1.1 1300 1400  -1.00  -1.00  -1.00  -1.0  -1.0  -1.0  20.00  -0.02   0.02   3.2  -0.0   0.0  -1.00  -1.00  -1.00  -1.0  -1.0  -1.0
 0.9  1.1 1400 1500  -1.00  -1.00  -1.00  -1.0  -1.0  -1.0  20.11  -0.02   0.02   3.1  -0.0   0.0  -1.00  -1.00  -1.00  -1.0  -1.0  -1.0
 1.1  1.3   19  100  19.74  -0.07   0.07   3.8  -0.1   0.1  77.41  -0.40   0.39  24.0  -0.3   0.3 236.87  -2.17   2.13  32.6  -1.6   1.7
 1.1  1.3  100  200  19.93  -0.02   0.02   3.7  -0.0   0.0  33.47  -0.24   0.24  13.2  -0.1   0.1 204.57  -2.83   2.56  42.5  -1.9   2.2
 1.1  1.3  200  300  18.78  -0.03   0.03   3.4  -0.0   0.0  27.20  -0.41   0.43   9.0  -0.2   0.2 138.82  -8.55   5.96  47.3  -4.6   6.4
 1.1  1.3  300  400  -1.00  -1.00  -1.00   3.0   0.0   0.0  17.50  -0.03   0.03   3.6  -0.0   0.0  98.13  -4.17   3.51  33.1  -2.7   3.3
 1.1  1.3  400  500  -1.00  -1.00  -1.00   3.0   0.0   0.0  16.90  -0.03   0.03   3.3  -0.0   0.0  76.55  -2.95   2.55  17.5  -2.3   3.7
 1.1  1.3  500  600  -1.00  -1.00  -1.00   3.0   0.0   0.0  16.85  -0.03   0.03   3.5  -0.0   0.0  53.92   0.00   6.42  10.5  -3.4   7.6
 1.1  1.3  600  700  -1.00  -1.00  -1.00  -1.0  -1.0  -1.0  17.00  -0.03   0.03   3.4  -0.0   0.0  -1.00  -1.00  -1.00  -1.0  -1.0  -1.0
 1.1  1.3  700  800  -1.00  -1.00  -1.00  -1.0  -1.0  -1.0  17.16  -0.03   0.03   3.4  -0.0   0.0  -1.00  -1.00  -1.00  -1.0  -1.0  -1.0
 1.1  1.3  800  900  -1.00  -1.00  -1.00  -1.0  -1.0  -1.0  17.41  -0.03   0.03   3.3  -0.0   0.0  -1.00  -1.00  -1.00  -1.0  -1.0  -1.0
 1.1  1.3  900 1000  -1.00  -1.00  -1.00  -1.0  -1.0  -1.0  17.63  -0.03   0.03   3.1  -0.0   0.0  -1.00  -1.00  -1.00  -1.0  -1.0  -1.0
 1.1  1.3 1000 1100  -1.00  -1.00  -1.00  -1.0  -1.0  -1.0  17.88  -0.02   0.02   3.1  -0.0   0.0  -1.00  -1.00  -1.00  -1.0  -1.0  -1.0
 1.1  1.3 1100 1200  -1.00  -1.00  -1.00  -1.0  -1.0  -1.0  18.11  -0.02   0.02   3.0  -0.0   0.0  -1.00  -1.00  -1.00  -1.0  -1.0  -1.0
 1.1  1.3 1200 1300  -1.00  -1.00  -1.00  -1.0  -1.0  -1.0  18.34  -0.02   0.02   3.1  -0.0   0.0  -1.00  -1.00  -1.00  -1.0  -1.0  -1.0
 1.1  1.3 1300 1400  -1.00  -1.00  -1.00  -1.0  -1.0  -1.0  18.52  -0.02   0.02   3.0   0.0   0.0  -1.00  -1.00  -1.00  -1.0  -1.0  -1.0
 1.1  1.3 1400 1500  -1.00  -1.00  -1.00  -1.0  -1.0  -1.0  18.69  -0.02   0.02   3.0   0.0   0.0  -1.00  -1.00  -1.00  -1.0  -1.0  -1.0
 1.3  1.5   19  100  18.91  -0.11   0.11   3.7  -0.1   0.1  72.87  -0.36   0.36  21.0  -0.3   0.3 229.98  -2.85   2.77  37.0  -2.1   2.4
 1.3  1.5  100  200  19.35  -0.03   0.03   3.8  -0.0   0.0  33.11  -0.27   0.27  13.4  -0.1   0.2 194.83  -4.23   3.61  44.3  -2.5   2.9
 1.3  1.5  200  300  17.80  -0.04   0.04   3.2  -0.0   0.0  24.73  -0.30   0.32   7.4  -0.2   0.2 141.53  -7.05   5.28  45.3  -4.2   5.5
 1.3  1.5  300  400  -1.00  -1.00  -1.00   3.0   0.0   0.0  16.70  -0.03   0.03   3.5  -0.0   0.0  95.68 -11.55   6.64  35.0  -4.9   7.9
 1.3  1.5  400  500  -1.00  -1.00  -1.00   3.0   0.0   0.0  16.04  -0.03   0.03   3.2  -0.0   0.0  69.14   0.00  10.11  19.6  -5.3  16.3
 1.3  1.5  500  600  -1.00  -1.00  -1.00  -1.0  -1.0  -1.0  15.94  -0.03   0.03   3.2  -0.0   0.0  -1.00  -1.00  -1.00  -1.0  -1.0  -1.0
 1.3  1.5  600  700  -1.00  -1.00  -1.00  -1.0  -1.0  -1.0  16.09  -0.03   0.03   3.3  -0.0   0.0  -1.00  -1.00  -1.00  -1.0  -1.0  -1.0
 1.3  1.5  700  800  -1.00  -1.00  -1.00  -1.0  -1.0  -1.0  16.24  -0.03   0.00   3.3  -0.0   0.0  -1.00  -1.00  -1.00  -1.0  -1.0  -1.0
 1.3  1.5  800  900  -1.00  -1.00  -1.00  -1.0  -1.0  -1.0  16.41  -0.03   0.03   3.0  -0.0   0.0  -1.00  -1.00  -1.00  -1.0  -1.0  -1.0
 1.3  1.5  900 1000  -1.00  -1.00  -1.00  -1.0  -1.0  -1.0  16.59  -0.03   0.03   3.0   0.0   0.0  -1.00  -1.00  -1.00  -1.0  -1.0  -1.0
 1.3  1.5 1000 1100  -1.00  -1.00  -1.00  -1.0  -1.0  -1.0  16.82  -0.03   0.03   3.0   0.0   0.0  -1.00  -1.00  -1.00  -1.0  -1.0  -1.0
 1.3  1.5 1100 1200  -1.00  -1.00  -1.00  -1.0  -1.0  -1.0  17.02  -0.02   0.02   3.0   0.0   0.0  -1.00  -1.00  -1.00  -1.0  -1.0  -1.0
 1.3  1.5 1200 1300  -1.00  -1.00  -1.00  -1.0  -1.0  -1.0  17.19  -0.02   0.02   3.0   0.0   0.0  -1.00  -1.00  -1.00  -1.0  -1.0  -1.0
 1.3  1.5 1300 1400  -1.00  -1.00  -1.00  -1.0  -1.0  -1.0  17.39  -0.02   0.02   3.0   0.0   0.0  -1.00  -1.00  -1.00  -1.0  -1.0  -1.0
 1.3  1.5 1400 1500  -1.00  -1.00  -1.00  -1.0  -1.0  -1.0  17.52  -0.02   0.02   3.0   0.0   0.0  -1.00  -1.00  -1.00  -1.0  -1.0  -1.0
 1.5  1.9   19  100  17.98  -0.16   0.16   3.7  -0.1   0.1  67.80  -0.27   0.27  18.9  -0.2   0.2 229.45  -2.01   1.95  30.1  -1.4   1.5
 1.5  1.9  100  200  18.59  -0.02   0.02   3.7  -0.0   0.0  32.75  -0.24   0.24  13.9  -0.1   0.1 193.11  -3.11   2.74  42.4  -1.9   2.1
 1.5  1.9  200  300  16.74  -0.03   0.03   3.0   0.0   0.0  23.35   0.00   0.19   6.8   0.0   0.1 142.01  -5.63   4.43  45.7  -3.5   4.5
 1.5  1.9  300  400  -1.00  -1.00  -1.00   3.0   0.0   0.0  15.68  -0.02   0.02   3.3  -0.0   0.0  85.99   0.00   7.94  39.6  -6.6  12.6
 1.5  1.9  400  500  -1.00  -1.00  -1.00   3.0   0.0   0.0  15.05  -0.02   0.02   3.0   0.0   0.0  73.60  -3.49   2.63  19.8  -2.2   3.2
 1.5  1.9  500  600  -1.00  -1.00  -1.00  -1.0  -1.0  -1.0  14.99  -0.02   0.02   3.1  -0.0   0.0  -1.00  -1.00  -1.00  -1.0  -1.0  -1.0
 1.5  1.9  600  700  -1.00  -1.00  -1.00  -1.0  -1.0  -1.0  15.02  -0.02   0.02   3.0   0.0   0.0  -1.00  -1.00  -1.00  -1.0  -1.0  -1.0
 1.5  1.9  700  800  -1.00  -1.00  -1.00  -1.0  -1.0  -1.0  15.21  -0.02   0.02   3.2  -0.0   0.0  -1.00  -1.00  -1.00  -1.0  -1.0  -1.0
 1.5  1.9  800  900  -1.00  -1.00  -1.00  -1.0  -1.0  -1.0  15.29  -0.02   0.02   3.0   0.0   0.0  -1.00  -1.00  -1.00  -1.0  -1.0  -1.0
 1.5  1.9  900 1000  -1.00  -1.00  -1.00  -1.0  -1.0  -1.0  15.46  -0.02   0.02   3.0   0.0   0.0  -1.00  -1.00  -1.00  -1.0  -1.0  -1.0
 1.5  1.9 1000 1100  -1.00  -1.00  -1.00  -1.0  -1.0  -1.0  15.65  -0.02   0.02   3.0   0.0   0.0  -1.00  -1.00  -1.00  -1.0  -1.0  -1.0
 1.5  1.9 1100 1200  -1.00  -1.00  -1.00  -1.0  -1.0  -1.0  15.83  -0.02   0.02   3.0   0.0   0.0  -1.00  -1.00  -1.00  -1.0  -1.0  -1.0
 1.5  1.9 1200 1300  -1.00  -1.00  -1.00  -1.0  -1.0  -1.0  15.95  -0.02   0.02   3.0   0.0   0.0  -1.00  -1.00  -1.00  -1.0  -1.0  -1.0
 1.5  1.9 1300 1400  -1.00  -1.00  -1.00  -1.0  -1.0  -1.0  16.14  -0.02   0.02   3.0   0.0   0.0  -1.00  -1.00  -1.00  -1.0  -1.0  -1.0
 1.5  1.9 1400 1500  -1.00  -1.00  -1.00  -1.0  -1.0  -1.0  16.29  -0.02   0.02   3.0   0.0   0.0  -1.00  -1.00  -1.00  -1.0  -1.0  -1.0
 1.9  2.3   19  100  16.60  -0.30   0.30   3.0   0.0   0.1  60.99  -0.33   0.33  17.0  -0.2   0.3 217.83  -3.14   3.05  28.3  -2.2   2.6
 1.9  2.3  100  200  18.25  -0.03   0.03   3.8  -0.0   0.0  32.92  -0.34   0.34  14.3  -0.2   0.2 190.00   0.00   1.06  36.7  -1.5   1.7
 1.9  2.3  200  300  16.17  -0.02   0.02   3.0   0.0   0.0  22.61  -0.17   0.18   6.5  -0.1   0.1 129.78  -6.64   4.81  45.7  -5.7   8.8
 1.9  2.3  300  400  -1.00  -1.00  -1.00   3.0   0.0   0.0  15.15  -0.02   0.02   3.1  -0.0   0.0  88.76  -5.91   4.14  29.4  -3.3   4.7
 1.9  2.3  400  500  -1.00  -1.00  -1.00  -1.0  -1.0  -1.0  14.53  -0.02   0.02   3.0   0.0   0.0  -1.00  -1.00  -1.00  -1.0  -1.0  -1.0
 1.9  2.3  500  600  -1.00  -1.00  -1.00  -1.0  -1.0  -1.0  14.36  -0.02   0.02   3.0   0.0   0.0  -1.00  -1.00  -1.00  -1.0  -1.0  -1.0
 1.9  2.3  600  700  -1.00  -1.00  -1.00  -1.0  -1.0  -1.0  14.46  -0.02   0.02   3.0   0.0   0.0  -1.00  -1.00  -1.00  -1.0  -1.0  -1.0
 1.9  2.3  700  800  -1.00  -1.00  -1.00  -1.0  -1.0  -1.0  14.58  -0.02   0.02   3.0   0.0   0.0  -1.00  -1.00  -1.00  -1.0  -1.0  -1.0
 1.9  2.3  800  900  -1.00  -1.00  -1.00  -1.0  -1.0  -1.0  14.72  -0.02   0.02   3.0   0.0   0.0  -1.00  -1.00  -1.00  -1.0  -1.0  -1.0
 1.9  2.3  900 1000  -1.00  -1.00  -1.00  -1.0  -1.0  -1.0  14.88  -0.02   0.02   3.0   0.0   0.0  -1.00  -1.00  -1.00  -1.0  -1.0  -1.0
 1.9  2.3 1000 1100  -1.00  -1.00  -1.00  -1.0  -1.0  -1.0  15.02  -0.02   0.02   3.0   0.0   0.0  -1.00  -1.00  -1.00  -1.0  -1.0  -1.0
 1.9  2.3 1100 1200  -1.00  -1.00  -1.00  -1.0  -1.0  -1.0  15.10  -0.02   0.02   3.0   0.0   0.0  -1.00  -1.00  -1.00  -1.0  -1.0  -1.0
 1.9  2.3 1200 1300  -1.00  -1.00  -1.00  -1.0  -1.0  -1.0  15.29  -0.02   0.02   3.0   0.0   0.0  -1.00  -1.00  -1.00  -1.0  -1.0  -1.0
 1.9  2.3 1300 1400  -1.00  -1.00  -1.00  -1.0  -1.0  -1.0  15.41  -0.02   0.02   3.0   0.0   0.0  -1.00  -1.00  -1.00  -1.0  -1.0  -1.0
 1.9  2.3 1400 1500  -1.00  -1.00  -1.00  -1.0  -1.0  -1.0  15.54  -0.02   0.02   3.0   0.0   0.0  -1.00  -1.00  -1.00  -1.0  -1.0  -1.0
 2.3  2.7   19  100  16.86  -1.39   2.29   3.2   0.0   1.5  52.26  -0.49   0.52  16.1  -0.4   0.4 207.17  -7.43   6.00  27.0  -5.4  12.5
 2.3  2.7  100  200  17.46  -0.04   0.04   3.8  -0.0   0.0  32.55  -0.53   0.54  15.6  -0.3   0.3 190.00   0.00   0.44  33.4  -1.7   1.9
 2.3  2.7  200  300  15.27  -0.03   0.03   3.1  -0.0   0.0  22.37  -0.30   0.32   7.8  -0.2   0.2 125.92  -4.63   3.76  36.2  -3.6   4.9
 2.3  2.7  300  400  -1.00  -1.00  -1.00   3.0   0.0   0.0  14.03  -0.02   0.02   3.1  -0.0   0.0  70.00   0.00  15.58  32.9 -10.3  11.3
 2.3  2.7  400  500  -1.00  -1.00  -1.00   3.0   0.0   0.0  13.34  -0.02   0.02   3.0   0.0   0.0  53.94   0.00   4.58  15.5  -4.2  19.5
 2.3  2.7  500  600  -1.00  -1.00  -1.00  -1.0  -1.0  -1.0  13.26  -0.02   0.02   3.0   0.0   0.0  -1.00  -1.00  -1.00  -1.0  -1.0  -1.0
 2.3  2.7  600  700  -1.00  -1.00  -1.00  -1.0  -1.0  -1.0  13.37  -0.02   0.02   3.0   0.0   0.0  -1.00  -1.00  -1.00  -1.0  -1.0  -1.0
 2.3  2.7  700  800  -1.00  -1.00  -1.00  -1.0  -1.0  -1.0  13.48  -0.02   0.02   3.0   0.0   0.0  -1.00  -1.00  -1.00  -1.0  -1.0  -1.0
 2.3  2.7  800  900  -1.00  -1.00  -1.00  -1.0  -1.0  -1.0  13.63  -0.02   0.02   3.0   0.0   0.0  -1.00  -1.00  -1.00  -1.0  -1.0  -1.0
 2.3  2.7  900 1000  -1.00  -1.00  -1.00  -1.0  -1.0  -1.0  13.81  -0.02   0.02   3.0   0.0   0.0  -1.00  -1.00  -1.00  -1.0  -1.0  -1.0
 2.3  2.7 1000 1100  -1.00  -1.00  -1.00  -1.0  -1.0  -1.0  13.93  -0.02   0.02   3.0   0.0   0.0  -1.00  -1.00  -1.00  -1.0  -1.0  -1.0
 2.3  2.7 1100 1200  -1.00  -1.00  -1.00  -1.0  -1.0  -1.0  14.04  -0.02   0.02   3.0   0.0   0.0  -1.00  -1.00  -1.00  -1.0  -1.0  -1.0
 2.3  2.7 1200 1300  -1.00  -1.00  -1.00  -1.0  -1.0  -1.0  14.18  -0.02   0.02   3.0   0.0   0.0  -1.00  -1.00  -1.00  -1.0  -1.0  -1.0
 2.3  2.7 1300 1400  -1.00  -1.00  -1.00  -1.0  -1.0  -1.0  14.30  -0.02   0.02   3.0   0.0   0.0  -1.00  -1.00  -1.00  -1.0  -1.0  -1.0
 2.3  2.7 1400 1500  -1.00  -1.00  -1.00  -1.0  -1.0  -1.0  14.39  -0.02   0.02   3.0   0.0   0.0  -1.00  -1.00  -1.00  -1.0  -1.0  -1.0
