 0.00  0.10 200.0  60.1   1  0.00          0 0.00000 0.00000
 0.00  0.10 200.0  60.1   2  5.00          0 0.00000 0.00000
 0.00  0.10 200.0  60.1   3 10.00          0 0.00000 0.00000
 0.00  0.10 200.0  60.1   4 15.00          0 0.00000 0.00000
 0.00  0.10 200.0  60.1   5 20.00          0 0.00000 0.00000
 0.00  0.10 200.0  60.1   6 25.00          0 0.00000 0.00000
 0.00  0.10 200.0  60.1   7 30.00          0 0.00000 0.00000
 0.00  0.10 200.0  60.1   8 35.00          1 0.00305 0.00305
 0.00  0.10 200.0  60.1   9 40.00          4 0.01220 0.01524
 0.00  0.10 200.0  60.1  10 45.00         11 0.03354 0.04878
 0.00  0.10 200.0  60.1  11 50.00         37 0.11280 0.16159
 0.00  0.10 200.0  60.1  12 55.00         69 0.21037 0.37195
 0.00  0.10 200.0  60.1  13 60.00         87 0.26524 0.63720
 0.00  0.10 200.0  60.1  14 65.00         63 0.19207 0.82927
 0.00  0.10 200.0  60.1  15 70.00         36 0.10976 0.93902
 0.00  0.10 200.0  60.1  16 75.00         13 0.03963 0.97866
 0.00  0.10 200.0  60.1  17 80.00          5 0.01524 0.99390
 0.00  0.10 200.0  60.1  18 85.00          1 0.00305 0.99695
 0.00  0.10 200.0  60.1  19 90.00          1 0.00305 1.00000
 0.00  0.10 200.0  60.1  20 95.00          0 0.00000 1.00000
 0.10  0.20 200.0  47.7   1  0.00          0 0.00000 0.00000
 0.10  0.20 200.0  47.7   2  3.00          0 0.00000 0.00000
 0.10  0.20 200.0  47.7   3  6.00          0 0.00000 0.00000
 0.10  0.20 200.0  47.7   4  9.00          0 0.00000 0.00000
 0.10  0.20 200.0  47.7   5 12.00          0 0.00000 0.00000
 0.10  0.20 200.0  47.7   6 15.00          0 0.00000 0.00000
 0.10  0.20 200.0  47.7   7 18.00          0 0.00000 0.00000
 0.10  0.20 200.0  47.7   8 21.00          0 0.00000 0.00000
 0.10  0.20 200.0  47.7   9 24.00          0 0.00000 0.00000
 0.10  0.20 200.0  47.7  10 27.00          2 0.00189 0.00189
 0.10  0.20 200.0  47.7  11 30.00          6 0.00567 0.00755
 0.10  0.20 200.0  47.7  12 33.00         25 0.02361 0.03116
 0.10  0.20 200.0  47.7  13 36.00         51 0.04816 0.07932
 0.10  0.20 200.0  47.7  14 39.00        111 0.10482 0.18414
 0.10  0.20 200.0  47.7  15 42.00        150 0.14164 0.32578
 0.10  0.20 200.0  47.7  16 45.00        154 0.14542 0.47120
 0.10  0.20 200.0  47.7  17 48.00        154 0.14542 0.61662
 0.10  0.20 200.0  47.7  18 51.00        146 0.13787 0.75449
 0.10  0.20 200.0  47.7  19 54.00         83 0.07838 0.83286
 0.10  0.20 200.0  47.7  20 57.00         67 0.06327 0.89613
 0.10  0.20 200.0  47.7  21 60.00         51 0.04816 0.94429
 0.10  0.20 200.0  47.7  22 63.00         28 0.02644 0.97073
 0.10  0.20 200.0  47.7  23 66.00         15 0.01416 0.98489
 0.10  0.20 200.0  47.7  24 69.00         11 0.01039 0.99528
 0.10  0.20 200.0  47.7  25 72.00          3 0.00283 0.99811
 0.10  0.20 200.0  47.7  26 75.00          2 0.00189 1.00000
 0.10  0.20 200.0  47.7  27 78.00          0 0.00000 1.00000
 0.20  0.30 200.0  35.9   1  0.00          0 0.00000 0.00000
 0.20  0.30 200.0  35.9   2  2.00          0 0.00000 0.00000
 0.20  0.30 200.0  35.9   3  4.00          0 0.00000 0.00000
 0.20  0.30 200.0  35.9   4  6.00          0 0.00000 0.00000
 0.20  0.30 200.0  35.9   5  8.00          0 0.00000 0.00000
 0.20  0.30 200.0  35.9   6 10.00          0 0.00000 0.00000
 0.20  0.30 200.0  35.9   7 12.00          0 0.00000 0.00000
 0.20  0.30 200.0  35.9   8 14.00          0 0.00000 0.00000
 0.20  0.30 200.0  35.9   9 16.00          1 0.00052 0.00052
 0.20  0.30 200.0  35.9  10 18.00          2 0.00103 0.00155
 0.20  0.30 200.0  35.9  11 20.00          5 0.00258 0.00413
 0.20  0.30 200.0  35.9  12 22.00          7 0.00362 0.00775
 0.20  0.30 200.0  35.9  13 24.00         33 0.01705 0.02481
 0.20  0.30 200.0  35.9  14 26.00         68 0.03514 0.05995
 0.20  0.30 200.0  35.9  15 28.00         98 0.05065 0.11059
 0.20  0.30 200.0  35.9  16 30.00        166 0.08579 0.19638
 0.20  0.30 200.0  35.9  17 32.00        227 0.11731 0.31370
 0.20  0.30 200.0  35.9  18 34.00        274 0.14160 0.45530
 0.20  0.30 200.0  35.9  19 36.00        260 0.13437 0.58966
 0.20  0.30 200.0  35.9  20 38.00        226 0.11680 0.70646
 0.20  0.30 200.0  35.9  21 40.00        225 0.11628 0.82274
 0.20  0.30 200.0  35.9  22 42.00        127 0.06563 0.88837
 0.20  0.30 200.0  35.9  23 44.00         86 0.04444 0.93282
 0.20  0.30 200.0  35.9  24 46.00         69 0.03566 0.96848
 0.20  0.30 200.0  35.9  25 48.00         26 0.01344 0.98191
 0.20  0.30 200.0  35.9  26 50.00         16 0.00827 0.99018
 0.20  0.30 200.0  35.9  27 52.00         12 0.00620 0.99638
 0.20  0.30 200.0  35.9  28 54.00          4 0.00207 0.99845
 0.20  0.30 200.0  35.9  29 56.00          2 0.00103 0.99948
 0.20  0.30 200.0  35.9  30 58.00          1 0.00052 1.00000
 0.20  0.30 200.0  35.9  31 60.00          0 0.00000 1.00000
 0.20  0.30 200.0  35.9  32 62.00          0 0.00000 1.00000
 0.30  0.40 200.0  29.9   1  0.00          0 0.00000 0.00000
 0.30  0.40 200.0  29.9   2  2.00          0 0.00000 0.00000
 0.30  0.40 200.0  29.9   3  4.00          0 0.00000 0.00000
 0.30  0.40 200.0  29.9   4  6.00          0 0.00000 0.00000
 0.30  0.40 200.0  29.9   5  8.00          0 0.00000 0.00000
 0.30  0.40 200.0  29.9   6 10.00          0 0.00000 0.00000
 0.30  0.40 200.0  29.9   7 12.00          1 0.00031 0.00031
 0.30  0.40 200.0  29.9   8 14.00          3 0.00093 0.00124
 0.30  0.40 200.0  29.9   9 16.00          6 0.00186 0.00310
 0.30  0.40 200.0  29.9  10 18.00         11 0.00341 0.00650
 0.30  0.40 200.0  29.9  11 20.00         59 0.01827 0.02478
 0.30  0.40 200.0  29.9  12 22.00        128 0.03964 0.06442
 0.30  0.40 200.0  29.9  13 24.00        289 0.08950 0.15392
 0.30  0.40 200.0  29.9  14 26.00        412 0.12759 0.28151
 0.30  0.40 200.0  29.9  15 28.00        557 0.17250 0.45401
 0.30  0.40 200.0  29.9  16 30.00        503 0.15578 0.60979
 0.30  0.40 200.0  29.9  17 32.00        465 0.14401 0.75379
 0.30  0.40 200.0  29.9  18 34.00        318 0.09848 0.85228
 0.30  0.40 200.0  29.9  19 36.00        215 0.06658 0.91886
 0.30  0.40 200.0  29.9  20 38.00        137 0.04243 0.96129
 0.30  0.40 200.0  29.9  21 40.00         64 0.01982 0.98111
 0.30  0.40 200.0  29.9  22 42.00         40 0.01239 0.99350
 0.30  0.40 200.0  29.9  23 44.00         10 0.00310 0.99659
 0.30  0.40 200.0  29.9  24 46.00          6 0.00186 0.99845
 0.30  0.40 200.0  29.9  25 48.00          2 0.00062 0.99907
 0.30  0.40 200.0  29.9  26 50.00          3 0.00093 1.00000
 0.30  0.40 200.0  29.9  27 52.00          0 0.00000 1.00000
 0.40  0.50 200.0  28.3   1  0.00          0 0.00000 0.00000
 0.40  0.50 200.0  28.3   2  2.00          0 0.00000 0.00000
 0.40  0.50 200.0  28.3   3  4.00          0 0.00000 0.00000
 0.40  0.50 200.0  28.3   4  6.00          1 0.00021 0.00021
 0.40  0.50 200.0  28.3   5  8.00          0 0.00000 0.00021
 0.40  0.50 200.0  28.3   6 10.00          4 0.00084 0.00104
 0.40  0.50 200.0  28.3   7 12.00         10 0.00209 0.00313
 0.40  0.50 200.0  28.3   8 14.00          7 0.00146 0.00460
 0.40  0.50 200.0  28.3   9 16.00         29 0.00606 0.01066
 0.40  0.50 200.0  28.3  10 18.00         55 0.01149 0.02215
 0.40  0.50 200.0  28.3  11 20.00        139 0.02904 0.05119
 0.40  0.50 200.0  28.3  12 22.00        368 0.07689 0.12808
 0.40  0.50 200.0  28.3  13 24.00        619 0.12934 0.25742
 0.40  0.50 200.0  28.3  14 26.00        775 0.16193 0.41935
 0.40  0.50 200.0  28.3  15 28.00        787 0.16444 0.58379
 0.40  0.50 200.0  28.3  16 30.00        686 0.14333 0.72712
 0.40  0.50 200.0  28.3  17 32.00        524 0.10949 0.83661
 0.40  0.50 200.0  28.3  18 34.00        357 0.07459 0.91120
 0.40  0.50 200.0  28.3  19 36.00        208 0.04346 0.95466
 0.40  0.50 200.0  28.3  20 38.00        120 0.02507 0.97973
 0.40  0.50 200.0  28.3  21 40.00         55 0.01149 0.99122
 0.40  0.50 200.0  28.3  22 42.00         21 0.00439 0.99561
 0.40  0.50 200.0  28.3  23 44.00         11 0.00230 0.99791
 0.40  0.50 200.0  28.3  24 46.00          6 0.00125 0.99916
 0.40  0.50 200.0  28.3  25 48.00          2 0.00042 0.99958
 0.40  0.50 200.0  28.3  26 50.00          2 0.00042 1.00000
 0.40  0.50 200.0  28.3  27 52.00          0 0.00000 1.00000
 0.50  0.60 200.0  26.4   1  0.00          0 0.00000 0.00000
 0.50  0.60 200.0  26.4   2  2.00          0 0.00000 0.00000
 0.50  0.60 200.0  26.4   3  4.00          0 0.00000 0.00000
 0.50  0.60 200.0  26.4   4  6.00          0 0.00000 0.00000
 0.50  0.60 200.0  26.4   5  8.00          4 0.00059 0.00059
 0.50  0.60 200.0  26.4   6 10.00          7 0.00103 0.00163
 0.50  0.60 200.0  26.4   7 12.00          7 0.00103 0.00266
 0.50  0.60 200.0  26.4   8 14.00         36 0.00532 0.00798
 0.50  0.60 200.0  26.4   9 16.00         81 0.01197 0.01995
 0.50  0.60 200.0  26.4  10 18.00        192 0.02838 0.04833
 0.50  0.60 200.0  26.4  11 20.00        452 0.06680 0.11513
 0.50  0.60 200.0  26.4  12 22.00        867 0.12814 0.24328
 0.50  0.60 200.0  26.4  13 24.00       1120 0.16553 0.40881
 0.50  0.60 200.0  26.4  14 26.00       1196 0.17677 0.58557
 0.50  0.60 200.0  26.4  15 28.00        977 0.14440 0.72997
 0.50  0.60 200.0  26.4  16 30.00        727 0.10745 0.83742
 0.50  0.60 200.0  26.4  17 32.00        465 0.06873 0.90615
 0.50  0.60 200.0  26.4  18 34.00        279 0.04124 0.94738
 0.50  0.60 200.0  26.4  19 36.00        188 0.02779 0.97517
 0.50  0.60 200.0  26.4  20 38.00         90 0.01330 0.98847
 0.50  0.60 200.0  26.4  21 40.00         41 0.00606 0.99453
 0.50  0.60 200.0  26.4  22 42.00         18 0.00266 0.99719
 0.50  0.60 200.0  26.4  23 44.00          7 0.00103 0.99823
 0.50  0.60 200.0  26.4  24 46.00          8 0.00118 0.99941
 0.50  0.60 200.0  26.4  25 48.00          4 0.00059 1.00000
 0.50  0.60 200.0  26.4  26 50.00          0 0.00000 1.00000
 0.50  0.60 200.0  26.4  27 52.00          0 0.00000 1.00000
 0.60  0.70 200.0  24.5   1  0.00          0 0.00000 0.00000
 0.60  0.70 200.0  24.5   2  2.00          0 0.00000 0.00000
 0.60  0.70 200.0  24.5   3  4.00          0 0.00000 0.00000
 0.60  0.70 200.0  24.5   4  6.00          0 0.00000 0.00000
 0.60  0.70 200.0  24.5   5  8.00          7 0.00081 0.00081
 0.60  0.70 200.0  24.5   6 10.00         16 0.00185 0.00266
 0.60  0.70 200.0  24.5   7 12.00         29 0.00335 0.00601
 0.60  0.70 200.0  24.5   8 14.00         78 0.00901 0.01502
 0.60  0.70 200.0  24.5   9 16.00        210 0.02426 0.03928
 0.60  0.70 200.0  24.5  10 18.00        573 0.06620 0.10548
 0.60  0.70 200.0  24.5  11 20.00       1127 0.13020 0.23567
 0.60  0.70 200.0  24.5  12 22.00       1494 0.17260 0.40827
 0.60  0.70 200.0  24.5  13 24.00       1454 0.16798 0.57625
 0.60  0.70 200.0  24.5  14 26.00       1309 0.15122 0.72747
 0.60  0.70 200.0  24.5  15 28.00        979 0.11310 0.84057
 0.60  0.70 200.0  24.5  16 30.00        591 0.06828 0.90885
 0.60  0.70 200.0  24.5  17 32.00        351 0.04055 0.94940
 0.60  0.70 200.0  24.5  18 34.00        237 0.02738 0.97678
 0.60  0.70 200.0  24.5  19 36.00        103 0.01190 0.98868
 0.60  0.70 200.0  24.5  20 38.00         38 0.00439 0.99307
 0.60  0.70 200.0  24.5  21 40.00         22 0.00254 0.99561
 0.60  0.70 200.0  24.5  22 42.00         17 0.00196 0.99757
 0.60  0.70 200.0  24.5  23 44.00          7 0.00081 0.99838
 0.60  0.70 200.0  24.5  24 46.00          6 0.00069 0.99908
 0.60  0.70 200.0  24.5  25 48.00          4 0.00046 0.99954
 0.60  0.70 200.0  24.5  26 50.00          4 0.00046 1.00000
 0.60  0.70 200.0  24.5  27 52.00          0 0.00000 1.00000
 0.70  0.90 200.0  21.8   1  0.00          0 0.00000 0.00000
 0.70  0.90 200.0  21.8   2  2.00          0 0.00000 0.00000
 0.70  0.90 200.0  21.8   3  4.00          0 0.00000 0.00000
 0.70  0.90 200.0  21.8   4  6.00          3 0.00013 0.00013
 0.70  0.90 200.0  21.8   5  8.00         32 0.00140 0.00153
 0.70  0.90 200.0  21.8   6 10.00         59 0.00257 0.00410
 0.70  0.90 200.0  21.8   7 12.00        193 0.00842 0.01252
 0.70  0.90 200.0  21.8   8 14.00        559 0.02439 0.03691
 0.70  0.90 200.0  21.8   9 16.00       1825 0.07962 0.11653
 0.70  0.90 200.0  21.8  10 18.00       3448 0.15043 0.26696
 0.70  0.90 200.0  21.8  11 20.00       4407 0.19227 0.45923
 0.70  0.90 200.0  21.8  12 22.00       4250 0.18542 0.64465
 0.70  0.90 200.0  21.8  13 24.00       3324 0.14502 0.78967
 0.70  0.90 200.0  21.8  14 26.00       2045 0.08922 0.87889
 0.70  0.90 200.0  21.8  15 28.00       1292 0.05637 0.93526
 0.70  0.90 200.0  21.8  16 30.00        754 0.03290 0.96815
 0.70  0.90 200.0  21.8  17 32.00        397 0.01732 0.98547
 0.70  0.90 200.0  21.8  18 34.00        194 0.00846 0.99394
 0.70  0.90 200.0  21.8  19 36.00         85 0.00371 0.99764
 0.70  0.90 200.0  21.8  20 38.00         30 0.00131 0.99895
 0.70  0.90 200.0  21.8  21 40.00         24 0.00105 1.00000
 0.70  0.90 200.0  21.8  22 42.00          0 0.00000 1.00000
 0.90  1.10 200.0  19.7   1  0.00          0 0.00000 0.00000
 0.90  1.10 200.0  19.7   2  2.00          0 0.00000 0.00000
 0.90  1.10 200.0  19.7   3  4.00          0 0.00000 0.00000
 0.90  1.10 200.0  19.7   4  6.00          7 0.00024 0.00024
 0.90  1.10 200.0  19.7   5  8.00         40 0.00138 0.00163
 0.90  1.10 200.0  19.7   6 10.00        142 0.00491 0.00654
 0.90  1.10 200.0  19.7   7 12.00        508 0.01757 0.02411
 0.90  1.10 200.0  19.7   8 14.00       2099 0.07260 0.09671
 0.90  1.10 200.0  19.7   9 16.00       4660 0.16119 0.25790
 0.90  1.10 200.0  19.7  10 18.00       6246 0.21605 0.47395
 0.90  1.10 200.0  19.7  11 20.00       5889 0.20370 0.67765
 0.90  1.10 200.0  19.7  12 22.00       3966 0.13718 0.81484
 0.90  1.10 200.0  19.7  13 24.00       2522 0.08724 0.90208
 0.90  1.10 200.0  19.7  14 26.00       1389 0.04805 0.95012
 0.90  1.10 200.0  19.7  15 28.00        776 0.02684 0.97696
 0.90  1.10 200.0  19.7  16 30.00        330 0.01141 0.98838
 0.90  1.10 200.0  19.7  17 32.00        153 0.00529 0.99367
 0.90  1.10 200.0  19.7  18 34.00         84 0.00291 0.99658
 0.90  1.10 200.0  19.7  19 36.00         49 0.00169 0.99827
 0.90  1.10 200.0  19.7  20 38.00         29 0.00100 0.99927
 0.90  1.10 200.0  19.7  21 40.00         21 0.00073 1.00000
 0.90  1.10 200.0  19.7  22 42.00          0 0.00000 1.00000
 1.10  1.30 300.0  17.2   1  0.00          0 0.00000 0.00000
 1.10  1.30 300.0  17.2   2  2.00          0 0.00000 0.00000
 1.10  1.30 300.0  17.2   3  4.00          0 0.00000 0.00000
 1.10  1.30 300.0  17.2   4  6.00         13 0.00054 0.00054
 1.10  1.30 300.0  17.2   5  8.00         58 0.00241 0.00295
 1.10  1.30 300.0  17.2   6 10.00        248 0.01030 0.01325
 1.10  1.30 300.0  17.2   7 12.00       1306 0.05423 0.06748
 1.10  1.30 300.0  17.2   8 14.00       4810 0.19974 0.26722
 1.10  1.30 300.0  17.2   9 16.00       6457 0.26814 0.53536
 1.10  1.30 300.0  17.2  10 18.00       4920 0.20431 0.73967
 1.10  1.30 300.0  17.2  11 20.00       3182 0.13214 0.87181
 1.10  1.30 300.0  17.2  12 22.00       1719 0.07138 0.94319
 1.10  1.30 300.0  17.2  13 24.00        781 0.03243 0.97562
 1.10  1.30 300.0  17.2  14 26.00        341 0.01416 0.98978
 1.10  1.30 300.0  17.2  15 28.00        140 0.00581 0.99560
 1.10  1.30 300.0  17.2  16 30.00         51 0.00212 0.99772
 1.10  1.30 300.0  17.2  17 32.00         23 0.00096 0.99867
 1.10  1.30 300.0  17.2  18 34.00         15 0.00062 0.99929
 1.10  1.30 300.0  17.2  19 36.00          6 0.00025 0.99954
 1.10  1.30 300.0  17.2  20 38.00          7 0.00029 0.99983
 1.10  1.30 300.0  17.2  21 40.00          4 0.00017 1.00000
 1.10  1.30 300.0  17.2  22 42.00          0 0.00000 1.00000
 1.30  1.50 300.0  16.4   1  0.00          0 0.00000 0.00000
 1.30  1.50 300.0  16.4   2  1.00          0 0.00000 0.00000
 1.30  1.50 300.0  16.4   3  2.00          0 0.00000 0.00000
 1.30  1.50 300.0  16.4   4  3.00          0 0.00000 0.00000
 1.30  1.50 300.0  16.4   5  4.00          1 0.00004 0.00004
 1.30  1.50 300.0  16.4   6  5.00          4 0.00016 0.00020
 1.30  1.50 300.0  16.4   7  6.00          7 0.00028 0.00048
 1.30  1.50 300.0  16.4   8  7.00         24 0.00097 0.00145
 1.30  1.50 300.0  16.4   9  8.00         34 0.00137 0.00283
 1.30  1.50 300.0  16.4  10  9.00         84 0.00339 0.00622
 1.30  1.50 300.0  16.4  11 10.00        176 0.00711 0.01333
 1.30  1.50 300.0  16.4  12 11.00        484 0.01955 0.03288
 1.30  1.50 300.0  16.4  13 12.00       1045 0.04221 0.07509
 1.30  1.50 300.0  16.4  14 13.00       2225 0.08988 0.16497
 1.30  1.50 300.0  16.4  15 14.00       3328 0.13443 0.29940
 1.30  1.50 300.0  16.4  16 15.00       3726 0.15051 0.44991
 1.30  1.50 300.0  16.4  17 16.00       3175 0.12825 0.57816
 1.30  1.50 300.0  16.4  18 17.00       2714 0.10963 0.68779
 1.30  1.50 300.0  16.4  19 18.00       2183 0.08818 0.77597
 1.30  1.50 300.0  16.4  20 19.00       1668 0.06738 0.84335
 1.30  1.50 300.0  16.4  21 20.00       1195 0.04827 0.89162
 1.30  1.50 300.0  16.4  22 21.00        924 0.03732 0.92895
 1.30  1.50 300.0  16.4  23 22.00        613 0.02476 0.95371
 1.30  1.50 300.0  16.4  24 23.00        417 0.01684 0.97055
 1.30  1.50 300.0  16.4  25 24.00        246 0.00994 0.98049
 1.30  1.50 300.0  16.4  26 25.00        163 0.00658 0.98707
 1.30  1.50 300.0  16.4  27 26.00        105 0.00424 0.99132
 1.30  1.50 300.0  16.4  28 27.00         53 0.00214 0.99346
 1.30  1.50 300.0  16.4  29 28.00         42 0.00170 0.99515
 1.30  1.50 300.0  16.4  30 29.00         34 0.00137 0.99653
 1.30  1.50 300.0  16.4  31 30.00         19 0.00077 0.99729
 1.30  1.50 300.0  16.4  32 31.00         11 0.00044 0.99774
 1.30  1.50 300.0  16.4  33 32.00         10 0.00040 0.99814
 1.30  1.50 300.0  16.4  34 33.00          6 0.00024 0.99838
 1.30  1.50 300.0  16.4  35 34.00          8 0.00032 0.99871
 1.30  1.50 300.0  16.4  36 35.00          8 0.00032 0.99903
 1.30  1.50 300.0  16.4  37 36.00          8 0.00032 0.99935
 1.30  1.50 300.0  16.4  38 37.00          4 0.00016 0.99952
 1.30  1.50 300.0  16.4  39 38.00          6 0.00024 0.99976
 1.30  1.50 300.0  16.4  40 39.00          4 0.00016 0.99992
 1.30  1.50 300.0  16.4  41 40.00          2 0.00008 1.00000
 1.30  1.50 300.0  16.4  42 41.00          0 0.00000 1.00000
 1.50  1.90 300.0  15.4   1  0.00          0 0.00000 0.00000
 1.50  1.90 300.0  15.4   2  1.00          0 0.00000 0.00000
 1.50  1.90 300.0  15.4   3  2.00          0 0.00000 0.00000
 1.50  1.90 300.0  15.4   4  3.00          0 0.00000 0.00000
 1.50  1.90 300.0  15.4   5  4.00          2 0.00004 0.00004
 1.50  1.90 300.0  15.4   6  5.00          7 0.00014 0.00017
 1.50  1.90 300.0  15.4   7  6.00         20 0.00039 0.00056
 1.50  1.90 300.0  15.4   8  7.00         42 0.00082 0.00138
 1.50  1.90 300.0  15.4   9  8.00        104 0.00202 0.00340
 1.50  1.90 300.0  15.4  10  9.00        225 0.00437 0.00777
 1.50  1.90 300.0  15.4  11 10.00        676 0.01312 0.02089
 1.50  1.90 300.0  15.4  12 11.00       1822 0.03537 0.05626
 1.50  1.90 300.0  15.4  13 12.00       4564 0.08861 0.14487
 1.50  1.90 300.0  15.4  14 13.00       7289 0.14151 0.28638
 1.50  1.90 300.0  15.4  15 14.00       8019 0.15568 0.44207
 1.50  1.90 300.0  15.4  16 15.00       7258 0.14091 0.58298
 1.50  1.90 300.0  15.4  17 16.00       5922 0.11497 0.69795
 1.50  1.90 300.0  15.4  18 17.00       4643 0.09014 0.78809
 1.50  1.90 300.0  15.4  19 18.00       3471 0.06739 0.85548
 1.50  1.90 300.0  15.4  20 19.00       2513 0.04879 0.90427
 1.50  1.90 300.0  15.4  21 20.00       1705 0.03310 0.93737
 1.50  1.90 300.0  15.4  22 21.00       1148 0.02229 0.95966
 1.50  1.90 300.0  15.4  23 22.00        733 0.01423 0.97389
 1.50  1.90 300.0  15.4  24 23.00        454 0.00881 0.98270
 1.50  1.90 300.0  15.4  25 24.00        272 0.00528 0.98798
 1.50  1.90 300.0  15.4  26 25.00        215 0.00417 0.99216
 1.50  1.90 300.0  15.4  27 26.00        131 0.00254 0.99470
 1.50  1.90 300.0  15.4  28 27.00         93 0.00181 0.99651
 1.50  1.90 300.0  15.4  29 28.00         45 0.00087 0.99738
 1.50  1.90 300.0  15.4  30 29.00         34 0.00066 0.99804
 1.50  1.90 300.0  15.4  31 30.00         29 0.00056 0.99860
 1.50  1.90 300.0  15.4  32 31.00         19 0.00037 0.99897
 1.50  1.90 300.0  15.4  33 32.00          7 0.00014 0.99911
 1.50  1.90 300.0  15.4  34 33.00          9 0.00017 0.99928
 1.50  1.90 300.0  15.4  35 34.00          8 0.00016 0.99944
 1.50  1.90 300.0  15.4  36 35.00          8 0.00016 0.99959
 1.50  1.90 300.0  15.4  37 36.00          9 0.00017 0.99977
 1.50  1.90 300.0  15.4  38 37.00          2 0.00004 0.99981
 1.50  1.90 300.0  15.4  39 38.00          4 0.00008 0.99988
 1.50  1.90 300.0  15.4  40 39.00          4 0.00008 0.99996
 1.50  1.90 300.0  15.4  41 40.00          2 0.00004 1.00000
 1.50  1.90 300.0  15.4  42 41.00          0 0.00000 1.00000
 1.90  2.30 300.0  14.9   1  0.00          0 0.00000 0.00000
 1.90  2.30 300.0  14.9   2  1.00          0 0.00000 0.00000
 1.90  2.30 300.0  14.9   3  2.00          0 0.00000 0.00000
 1.90  2.30 300.0  14.9   4  3.00          0 0.00000 0.00000
 1.90  2.30 300.0  14.9   5  4.00          1 0.00002 0.00002
 1.90  2.30 300.0  14.9   6  5.00          5 0.00009 0.00011
 1.90  2.30 300.0  14.9   7  6.00         15 0.00028 0.00040
 1.90  2.30 300.0  14.9   8  7.00         33 0.00062 0.00102
 1.90  2.30 300.0  14.9   9  8.00        122 0.00230 0.00332
 1.90  2.30 300.0  14.9  10  9.00        352 0.00665 0.00997
 1.90  2.30 300.0  14.9  11 10.00       1100 0.02078 0.03075
 1.90  2.30 300.0  14.9  12 11.00       2994 0.05655 0.08730
 1.90  2.30 300.0  14.9  13 12.00       6041 0.11410 0.20140
 1.90  2.30 300.0  14.9  14 13.00       8207 0.15501 0.35641
 1.90  2.30 300.0  14.9  15 14.00       8308 0.15692 0.51333
 1.90  2.30 300.0  14.9  16 15.00       7080 0.13372 0.64705
 1.90  2.30 300.0  14.9  17 16.00       5556 0.10494 0.75199
 1.90  2.30 300.0  14.9  18 17.00       4151 0.07840 0.83039
 1.90  2.30 300.0  14.9  19 18.00       3073 0.05804 0.88843
 1.90  2.30 300.0  14.9  20 19.00       2114 0.03993 0.92836
 1.90  2.30 300.0  14.9  21 20.00       1369 0.02586 0.95422
 1.90  2.30 300.0  14.9  22 21.00        912 0.01723 0.97144
 1.90  2.30 300.0  14.9  23 22.00        568 0.01073 0.98217
 1.90  2.30 300.0  14.9  24 23.00        334 0.00631 0.98848
 1.90  2.30 300.0  14.9  25 24.00        212 0.00400 0.99248
 1.90  2.30 300.0  14.9  26 25.00        131 0.00247 0.99496
 1.90  2.30 300.0  14.9  27 26.00         73 0.00138 0.99634
 1.90  2.30 300.0  14.9  28 27.00         65 0.00123 0.99756
 1.90  2.30 300.0  14.9  29 28.00         32 0.00060 0.99817
 1.90  2.30 300.0  14.9  30 29.00         24 0.00045 0.99862
 1.90  2.30 300.0  14.9  31 30.00         15 0.00028 0.99890
 1.90  2.30 300.0  14.9  32 31.00         16 0.00030 0.99921
 1.90  2.30 300.0  14.9  33 32.00         13 0.00025 0.99945
 1.90  2.30 300.0  14.9  34 33.00          7 0.00013 0.99958
 1.90  2.30 300.0  14.9  35 34.00          6 0.00011 0.99970
 1.90  2.30 300.0  14.9  36 35.00          4 0.00008 0.99977
 1.90  2.30 300.0  14.9  37 36.00          4 0.00008 0.99985
 1.90  2.30 300.0  14.9  38 37.00          3 0.00006 0.99991
 1.90  2.30 300.0  14.9  39 38.00          0 0.00000 0.99991
 1.90  2.30 300.0  14.9  40 39.00          1 0.00002 0.99992
 1.90  2.30 300.0  14.9  41 40.00          4 0.00008 1.00000
 1.90  2.30 300.0  14.9  42 41.00          0 0.00000 1.00000
 2.30  2.70 300.0  13.7   1  0.00          0 0.00000 0.00000
 2.30  2.70 300.0  13.7   2  1.00          0 0.00000 0.00000
 2.30  2.70 300.0  13.7   3  2.00          0 0.00000 0.00000
 2.30  2.70 300.0  13.7   4  3.00          0 0.00000 0.00000
 2.30  2.70 300.0  13.7   5  4.00          3 0.00006 0.00006
 2.30  2.70 300.0  13.7   6  5.00         15 0.00029 0.00034
 2.30  2.70 300.0  13.7   7  6.00         33 0.00063 0.00097
 2.30  2.70 300.0  13.7   8  7.00        128 0.00244 0.00341
 2.30  2.70 300.0  13.7   9  8.00        446 0.00849 0.01190
 2.30  2.70 300.0  13.7  10  9.00       1491 0.02840 0.04030
 2.30  2.70 300.0  13.7  11 10.00       3680 0.07008 0.11038
 2.30  2.70 300.0  13.7  12 11.00       6218 0.11842 0.22880
 2.30  2.70 300.0  13.7  13 12.00       7994 0.15224 0.38105
 2.30  2.70 300.0  13.7  14 13.00       7948 0.15137 0.53241
 2.30  2.70 300.0  13.7  15 14.00       6738 0.12832 0.66074
 2.30  2.70 300.0  13.7  16 15.00       5463 0.10404 0.76478
 2.30  2.70 300.0  13.7  17 16.00       4037 0.07688 0.84166
 2.30  2.70 300.0  13.7  18 17.00       2854 0.05435 0.89602
 2.30  2.70 300.0  13.7  19 18.00       1972 0.03756 0.93357
 2.30  2.70 300.0  13.7  20 19.00       1306 0.02487 0.95844
 2.30  2.70 300.0  13.7  21 20.00        821 0.01564 0.97408
 2.30  2.70 300.0  13.7  22 21.00        512 0.00975 0.98383
 2.30  2.70 300.0  13.7  23 22.00        292 0.00556 0.98939
 2.30  2.70 300.0  13.7  24 23.00        188 0.00358 0.99297
 2.30  2.70 300.0  13.7  25 24.00        131 0.00249 0.99547
 2.30  2.70 300.0  13.7  26 25.00         80 0.00152 0.99699
 2.30  2.70 300.0  13.7  27 26.00         40 0.00076 0.99775
 2.30  2.70 300.0  13.7  28 27.00         38 0.00072 0.99848
 2.30  2.70 300.0  13.7  29 28.00         23 0.00044 0.99891
 2.30  2.70 300.0  13.7  30 29.00         12 0.00023 0.99914
 2.30  2.70 300.0  13.7  31 30.00         11 0.00021 0.99935
 2.30  2.70 300.0  13.7  32 31.00         10 0.00019 0.99954
 2.30  2.70 300.0  13.7  33 32.00          6 0.00011 0.99966
 2.30  2.70 300.0  13.7  34 33.00          3 0.00006 0.99971
 2.30  2.70 300.0  13.7  35 34.00          0 0.00000 0.99971
 2.30  2.70 300.0  13.7  36 35.00          1 0.00002 0.99973
 2.30  2.70 300.0  13.7  37 36.00          4 0.00008 0.99981
 2.30  2.70 300.0  13.7  38 37.00          2 0.00004 0.99985
 2.30  2.70 300.0  13.7  39 38.00          3 0.00006 0.99990
 2.30  2.70 300.0  13.7  40 39.00          1 0.00002 0.99992
 2.30  2.70 300.0  13.7  41 40.00          4 0.00008 1.00000
 2.30  2.70 300.0  13.7  42 41.00          0 0.00000 1.00000
