0 0.1 34.6968 3.84408 4.65284 6.48479 -28.5029 8.34079 4.50737 1.04768
0.1 0.2 37.615 4.77387 -11.979 7.97069 -6.19763 4.41735 1.9564 0.620733
0.2 0.3 38.3218 4.13818 -26.1969 6.93842 -17.4659 3.30728 3.67814 0.536725
0.3 0.4 45.2452 4.46161 -43.1825 7.5189 -13.1636 1.91554 3.06016 0.332086
0.4 0.5 46.6603 5.27679 -47.1812 8.80806 -18.1891 3.24883 4.03857 0.584021
0.5 0.6 51.6074 5.56278 -57.2736 9.31478 -15.4327 2.26956 3.67845 0.414457
0.6 0.7 52.1562 5.94793 -60.2598 9.9317 -17.7853 2.71677 4.2766 0.515162
0.7 0.9 50.4917 4.90937 -60.4809 8.27976 -15.623 2.56879 4.06857 0.520666
0.9 1.1 55.3876 5.43928 -70.8903 9.16758 -13.3057 1.82175 3.66527 0.369644
1.1 1.3 50.669 5.23463 -64.6618 8.78584 -17.1595 2.29384 4.70175 0.491679
1.3 1.5 48.9305 6.69273 -62.9634 11.0917 -19.1933 3.3487 5.33915 0.769478
1.5 1.9 49.9284 5.91426 -65.8273 9.84925 -16.7427 2.64746 4.9164 0.613999
1.9 2.3 46.0286 6.8209 -60.1088 11.2721 -16.7772 3.19107 5.04325 0.779525
2.3 2.7 40.2514 5.1958 -51.7809 8.62642 -14.6477 3.7751 4.68086 0.975064
