0 100 0 0 1 1
100 200 0 0 1 1
200 300 1.2601 0.792031 -0.260102 0.207969
300 400 1.00342 0.994361 -0.00342094 0.00563873
400 500 1.02901 0.960703 -0.029014 0.039297
500 600 1.04465 0.942406 -0.0446549 0.057594
600 700 1.04885 0.937098 -0.0488457 0.0629016
700 800 1.04954 0.936699 -0.049542 0.0633014
800 900 1.05085 0.936867 -0.0508466 0.0631327
900 1000 1.04298 0.944128 -0.0429814 0.0558719
1000 1100 1.04005 0.948734 -0.0400487 0.0512662
1100 1200 1.04513 0.947344 -0.0451254 0.0526557
1200 1300 1.05085 0.9413 -0.0508471 0.0587002
1300 1400 1.04134 0.948451 -0.0413428 0.0515487
1400 1500 1.05864 0.936969 -0.058641 0.0630308
1500 1600 1.09496 0.905677 -0.0949594 0.0943229
1600 1700 1.01088 0.992783 -0.0108758 0.00721749
1700 1800 1.01381 0.979169 -0.0138144 0.020831
1800 1900 0 0 1 1
1900 2000 1.27888 0.736938 -0.278877 0.263062
