0 100 0 0 1 1
100 200 0.921638 0.780631 0.0783616 0.219369
200 300 1.00471 0.787919 -0.00471434 0.212081
300 400 0.985485 0.843341 0.014515 0.156659
400 500 0.998368 0.910512 0.00163189 0.0894885
500 600 1.0039 0.956633 -0.00390334 0.043367
600 700 0.988063 0.962786 0.0119373 0.0372138
700 800 0.989096 0.972222 0.0109039 0.0277778
800 900 1.01425 0.970932 -0.0142461 0.0290685
900 1000 0.970043 0.986932 0.0299571 0.0130682
1000 1100 1.08409 1.08998 -0.0840873 -0.0899819
1100 1200 0 0 1 1
1200 1300 0 0 1 1
1300 1400 0 0 1 1
1400 1500 0 0 1 1
