0 5 0.999955 0.998615 4.47926e-05 0.00138489
5 10 0.996962 0.999282 0.00303786 0.000718221
10 15 1.00058 1.00357 -0.000575878 -0.00357171
15 20 0.99926 1.00317 0.00074019 -0.00316796
20 25 0.998952 1.00482 0.00104795 -0.00482247
25 30 1.00259 1.00235 -0.00259385 -0.00234843
30 35 0.992998 1.0048 0.00700174 -0.00480045
35 40 0.998578 1.00013 0.00142174 -0.000130315
40 45 1.01037 1.01377 -0.0103691 -0.0137742
45 50 1.00222 1.00116 -0.00222434 -0.00116
50 55 0.971392 0.974502 0.0286081 0.0254983
55 60 1.03898 1.03447 -0.0389792 -0.0344682
60 65 0.988766 0.940869 0.0112341 0.0591306
65 70 1.29564 1.69916 -0.295641 -0.699163
70 75 0 0 1 1
75 80 0 0 1 1
80 85 0 0 1 1
85 90 0 0 1 1
