0 100 0.776553 0.153265 0.223447 0.846735
100 200 0.970156 1.25464 0.029844 -0.254642
200 300 0.887676 0.934197 0.112324 0.0658032
300 400 0.994307 0.954483 0.00569301 0.0455174
400 500 1.00013 1.0072 -0.000131229 -0.0072024
500 600 1.00089 0.990107 -0.000892187 0.00989339
600 700 0.990383 0.986142 0.00961698 0.0138577
700 800 1.00759 1.01645 -0.00759019 -0.0164484
800 900 0.989232 1.00075 0.0107676 -0.000745803
900 1000 0.983294 0.969417 0.016706 0.0305828
1000 1100 1.01363 1.02973 -0.0136259 -0.0297258
1100 1200 1.0258 0.962931 -0.0258017 0.0370691
1200 1300 1.0277 1.03742 -0.0277015 -0.0374208
1300 1400 0.904207 0.996844 0.0957927 0.00315605
1400 1500 0.992118 1.01888 0.00788243 -0.0188799
1500 1600 1.02534 1.09266 -0.025341 -0.09266
1600 1700 0.974275 0.940669 0.0257254 0.0593311
1700 1800 1.12523 1.06835 -0.125226 -0.0683493
1800 1900 1.05927 1.15387 -0.0592671 -0.153873
1900 2000 1.0249 0.934394 -0.0248956 0.065606
