0 100 0 0 1 1
100 200 0.921152 0.777505 0.0788477 0.222495
200 300 1.00059 0.798248 -0.000592435 0.201752
300 400 0.991519 0.884669 0.00848118 0.115331
400 500 0.996039 0.932393 0.00396103 0.0676072
500 600 1.00242 0.962139 -0.00242374 0.0378609
600 700 0.991621 0.96807 0.00837932 0.0319295
700 800 0.988452 0.972025 0.011548 0.0279753
800 900 1.01425 0.970932 -0.0142461 0.0290685
900 1000 0.970043 0.986932 0.0299571 0.0130682
1000 1100 1.08409 1.08998 -0.0840873 -0.0899819
1100 1200 0 0 1 1
1200 1300 0 0 1 1
1300 1400 0 0 1 1
1400 1500 0 0 1 1
