0 100 0.776553 0.153265 0.223447 0.846735
100 200 0.970156 1.25464 0.029844 -0.254642
200 300 0.888329 0.934579 0.111671 0.0654206
300 400 0.994191 0.958177 0.0058092 0.0418231
400 500 1.00222 1.00428 -0.00222269 -0.00427932
500 600 1.0006 1.00102 -0.000604359 -0.00102405
600 700 0.995262 0.995684 0.00473802 0.00431568
700 800 1.00283 1.00945 -0.00282663 -0.00945173
800 900 0.993074 1.0035 0.00692627 -0.00349953
900 1000 0.986584 0.978891 0.0134157 0.0211093
1000 1100 1.00962 1.0244 -0.00961699 -0.0244005
1100 1200 1.01902 0.970543 -0.0190187 0.0294571
1200 1300 1.02325 1.03376 -0.0232512 -0.033757
1300 1400 0.91623 0.997508 0.0837702 0.00249207
1400 1500 0.992788 1.0196 0.00721188 -0.0195991
1500 1600 1.02378 1.09219 -0.0237799 -0.0921917
1600 1700 0.974303 0.940742 0.0256969 0.0592577
1700 1800 1.12517 1.06832 -0.12517 -0.068319
1800 1900 1.05927 1.15387 -0.0592671 -0.153873
1900 2000 1.0249 0.934395 -0.0248952 0.0656049
