0 5 1.02092 1.0229 -0.0209175 -0.0229027
5 10 0.938078 0.919788 0.0619223 0.0802121
10 15 0.973013 0.97081 0.0269867 0.0291898
15 20 1.0014 0.97388 -0.00140487 0.0261196
20 25 0.983881 0.989037 0.0161192 0.0109633
25 30 1.05019 1.01507 -0.0501947 -0.0150701
30 35 0.971447 0.978895 0.0285535 0.0211046
35 40 0.989842 0.979517 0.0101581 0.0204832
40 45 0.999214 0.945859 0.000785906 0.0541407
45 50 0.975325 0.942051 0.0246748 0.0579485
50 55 1.04178 0.947522 -0.0417777 0.0524784
55 60 0.965418 0.883946 0.0345817 0.116054
60 65 1.00236 0.874122 -0.00236405 0.125878
65 70 0.980304 0.842392 0.0196963 0.157608
70 75 0.960509 0.763991 0.0394914 0.236009
75 80 0.972178 0.521321 0.027822 0.478679
80 85 1.51567 0.917187 -0.515666 0.0828131
85 90 0 0 1 1
90 95 0 0 1 1
95 100 2.4602 0.232584 -1.4602 0.767416
100 105 1.00558 0.814247 -0.0055848 0.185753
105 110 0.935304 0.776816 0.0646957 0.223184
110 115 0.986054 0.822449 0.0139463 0.177551
115 120 0.974873 0.859926 0.0251267 0.140074
120 125 1.02501 0.95623 -0.0250103 0.0437704
125 130 1.03602 0.93925 -0.0360186 0.0607501
130 135 0.972914 0.913531 0.0270863 0.0864688
135 140 1.00585 0.944551 -0.00585423 0.0554489
140 145 1.00519 0.958024 -0.00518613 0.0419762
145 150 1.03266 0.972494 -0.0326555 0.0275059
150 155 1.0319 0.910005 -0.0319048 0.0899951
155 160 0.937309 0.963773 0.0626912 0.0362273
160 165 0.990471 0.869054 0.00952938 0.130946
165 170 1.03503 1.08089 -0.0350325 -0.0808925
170 175 0.993084 0.92709 0.00691609 0.0729097
175 180 1.034 0.949229 -0.0340017 0.0507711
