0 100 0 0 1 1
100 200 0 0 1 1
200 300 1 1 0 0
300 400 0.992385 1.01558 0.00761464 -0.01558
400 500 1.00282 1.00345 -0.00281781 -0.00344756
500 600 1.00047 1.00606 -0.000471647 -0.00605788
600 700 0.998984 1.00296 0.00101559 -0.00296449
700 800 0.997291 1.00132 0.00270905 -0.00132096
800 900 1.00166 1.00966 -0.001665 -0.00965835
900 1000 0.995892 1.00569 0.00410827 -0.00568918
1000 1100 0.991122 0.999832 0.00887802 0.000167747
1100 1200 0.998498 0.993571 0.00150154 0.00642902
1200 1300 0.995326 1.01077 0.00467358 -0.0107679
1300 1400 0.999378 1.0021 0.000622037 -0.00210006
1400 1500 1.02694 1.05623 -0.0269428 -0.0562311
1500 1600 0.668957 0.985753 0.331043 0.0142474
1600 1700 0.997242 1 0.00275787 0
1700 1800 1 1 0 0
1800 1900 0 0 1 1
1900 2000 1 1 0 0
