0 5 0.980024 0.946149 0.0199755 0.0538509
5 10 1.00408 1.0006 -0.00408345 -0.000602793
10 15 0.981827 0.958145 0.018173 0.0418548
15 20 1.00629 0.976289 -0.00629194 0.0237106
20 25 0.983634 0.963622 0.0163662 0.0363778
25 30 0.998154 0.961346 0.00184592 0.0386537
30 35 1.01564 0.977315 -0.015637 0.022685
35 40 0.979105 0.959017 0.0208954 0.0409832
40 45 0.999917 0.949035 8.32964e-05 0.0509652
45 50 1.00937 0.954228 -0.00937131 0.0457716
50 55 1.00072 0.930152 -0.000721078 0.0698482
55 60 0.988727 0.90302 0.0112732 0.0969803
60 65 0.994537 0.851798 0.00546263 0.148202
65 70 0.989509 0.788003 0.0104912 0.211997
70 75 0.985602 0.727793 0.0143978 0.272207
75 80 0.983933 0.627682 0.0160673 0.372318
80 85 1.08234 0.646441 -0.0823385 0.353559
85 90 0 0 1 1
90 95 0 0 1 1
95 100 1.16488 0.753136 -0.164884 0.246864
100 105 0.947266 0.713133 0.0527335 0.286867
105 110 0.976714 0.773766 0.023286 0.226234
110 115 0.997731 0.834842 0.00226864 0.165158
115 120 0.980639 0.839458 0.0193606 0.160542
120 125 1.00506 0.912156 -0.00506317 0.0878443
125 130 0.97838 0.910179 0.0216203 0.0898213
130 135 1.01366 0.956432 -0.0136558 0.0435681
135 140 1.01653 0.949856 -0.0165347 0.050144
140 145 0.984278 0.970589 0.015722 0.0294106
145 150 1.00774 0.956376 -0.00774109 0.0436244
150 155 1.00246 0.954023 -0.00246147 0.0459767
155 160 1.02325 0.983927 -0.0232525 0.016073
160 165 0.956776 0.950913 0.043224 0.0490871
165 170 0.982215 0.957839 0.0177847 0.0421613
170 175 0.992019 0.947425 0.00798086 0.0525754
175 180 0.991468 1.04742 0.0085323 -0.0474243
